40778	12	16	17	13	30	26	34	29	1	12	39	31	16	38	4	19	18	22	36	33	5	28	2	10	35	6	25	0	27	43	3	42	15	21	23	37	32	9	40	
40552	12	6	6	12	35	16	13	31	14	33	10	11	18	32	15	36	7	30	17	1	8	27	5	19	25	38	4	29	26	0	39	34	22	37	28	21	2	23	42	
39446	12	7	1	4	0	29	22	12	17	3	28	2	16	18	25	23	27	26	31	19	13	24	30	32	7	33	10	35	6	15	38	11	5	21	8	36	34	39	20	
40381	12	4	23	25	19	1	4	21	3	27	24	18	17	29	0	22	28	26	2	20	12	16	13	5	11	30	31	35	32	33	34	38	8	36	6	42	15	37	10	
38774	12	3	29	4	28	1	27	24	25	3	23	26	0	19	2	17	22	18	31	12	16	33	38	32	13	36	30	35	11	6	21	5	39	40	42	8	37	34	10	
39961	12	3	4	1	3	25	23	29	28	24	0	19	27	26	2	22	18	31	17	12	36	35	13	16	38	32	21	5	33	34	30	11	37	6	40	42	39	10	15	
39013	12	2	4	23	28	29	2	25	27	3	0	1	24	19	26	22	17	18	12	30	32	6	35	16	31	36	13	39	38	34	33	11	21	5	10	14	42	40	43	
39882	12	4	25	29	4	28	1	27	23	24	3	19	26	22	0	2	17	18	31	35	12	30	16	13	33	21	5	32	11	36	34	38	15	6	10	8	7	20	40	
40755	12	4	1	4	23	3	28	25	29	19	24	0	27	2	26	22	17	18	31	16	12	35	30	6	32	33	36	38	15	21	34	37	11	5	13	42	40	39	14	
39330	12	4	29	28	1	4	27	25	23	3	26	0	24	19	2	22	17	18	31	16	12	36	33	30	38	35	5	13	32	11	6	15	34	39	21	10	37	40	42	
39890	12	1	1	4	23	0	3	28	25	29	27	26	2	24	19	22	17	18	12	38	13	16	31	35	37	11	39	34	14	30	36	5	40	6	21	42	33	15	32	
39819	12	1	1	4	3	25	23	0	29	28	27	26	2	24	19	22	17	12	18	36	5	35	16	13	30	38	21	37	31	34	14	6	8	33	43	39	11	32	10	
39013	12	1	1	2	4	23	28	29	25	27	3	0	24	19	26	22	17	18	12	30	32	6	35	16	31	36	13	39	38	34	33	11	21	5	10	14	42	40	43	
39153	12	1	25	1	4	23	3	27	24	22	0	19	28	29	26	2	17	18	31	13	21	35	12	16	36	5	30	34	38	33	37	11	32	40	6	15	39	8	10	
39048	12	4	4	1	3	25	23	28	0	29	24	27	2	26	19	22	17	31	16	18	12	13	38	35	33	34	30	36	11	32	5	15	6	39	8	42	7	14	21	
39048	12	3	1	3	25	23	28	0	29	4	24	27	2	26	19	22	17	31	16	18	12	13	38	35	33	34	30	36	11	32	5	15	6	39	8	42	7	14	21	
40755	12	3	1	23	28	3	25	29	19	4	24	0	27	2	26	22	17	18	31	16	12	35	30	6	32	33	36	38	15	21	34	37	11	5	13	42	40	39	14	
39224	12	3	25	23	29	4	1	24	27	28	3	19	0	26	22	2	17	31	18	16	13	35	12	11	33	38	36	34	32	30	15	21	5	8	6	37	40	10	14	
38960	12	3	4	29	28	27	23	3	25	0	1	26	19	24	2	22	17	18	31	12	30	35	16	38	13	36	32	34	33	11	21	37	6	5	42	39	15	10	8	
39366	12	3	4	28	29	23	24	3	25	19	27	1	0	2	26	22	17	18	31	12	16	35	32	13	33	36	38	6	15	10	30	34	21	7	8	11	5	37	39	
39254	12	3	29	4	27	28	23	1	25	3	24	19	26	0	2	22	18	17	12	31	38	33	16	30	13	35	34	36	5	11	20	42	32	21	40	39	6	8	7	
39599	12	3	4	1	3	29	23	28	25	0	27	19	26	24	2	22	18	31	17	12	16	36	13	35	6	38	33	34	30	11	39	40	42	15	5	21	14	32	10	
39771	12	1	4	23	1	3	25	24	29	28	19	2	27	0	26	22	17	18	31	12	38	33	16	35	36	21	13	11	30	6	34	32	20	42	5	40	39	15	8	
39366	12	1	1	4	3	28	29	23	24	25	19	27	0	2	26	22	17	18	31	12	16	35	32	13	33	36	38	6	15	10	30	34	21	7	8	11	5	37	39	
38960	12	1	4	29	28	1	27	23	3	25	0	26	19	24	2	22	17	18	31	12	30	35	16	38	13	36	32	34	33	11	21	37	6	5	42	39	15	10	8	
40312	12	35	35	36	34	12	31	33	16	13	30	32	6	11	18	15	19	5	1	10	14	7	29	8	26	17	22	2	28	21	23	25	27	9	38	0	37	4	42	
38883	12	29	27	29	25	23	4	24	28	1	19	26	22	3	2	0	17	18	31	33	32	12	13	16	11	30	35	36	38	5	21	37	15	34	6	42	7	10	8	
38950	12	29	27	19	29	1	28	23	21	17	24	25	4	26	3	18	0	2	22	12	31	20	16	32	38	13	11	30	33	36	35	5	6	39	15	10	34	8	40	
39561	12	29	29	27	28	19	23	1	25	4	26	24	3	2	18	17	0	22	31	16	36	32	12	33	35	30	38	21	20	39	34	5	13	15	11	6	8	14	10	
39951	12	29	29	27	26	28	1	19	23	4	25	3	24	0	17	2	22	18	31	16	30	12	32	33	13	38	36	11	35	5	34	7	21	6	15	37	14	42	8	
39951	12	27	27	28	26	29	1	19	23	4	25	3	24	0	17	2	22	18	31	16	30	12	32	33	13	38	36	11	35	5	34	7	21	6	15	37	14	42	8	
39951	12	26	28	1	19	23	26	4	25	29	27	3	24	0	17	2	22	18	31	16	30	12	32	33	13	38	36	11	35	5	34	7	21	6	15	37	14	42	8	
38926	12	29	29	27	28	1	24	23	25	4	26	19	3	2	0	17	22	31	18	33	32	12	13	30	38	16	35	36	11	5	14	21	40	8	6	7	34	39	37	
39882	12	27	25	29	27	28	1	24	4	23	3	19	26	22	0	2	17	18	31	35	12	30	16	13	33	21	5	32	11	36	34	38	15	6	10	8	7	20	40	
39419	12	38	38	12	18	13	29	37	36	6	30	19	26	40	16	17	39	27	31	33	34	28	21	10	22	11	0	42	5	8	35	20	41	25	32	1	2	14	4	
39183	12	39	12	30	34	31	16	5	14	26	11	38	0	36	18	33	1	6	29	32	35	19	17	39	25	22	2	27	4	13	37	10	23	8	15	21	7	28	42	
38997	12	38	38	40	39	41	17	37	12	26	1	29	30	31	27	19	16	18	42	2	10	0	28	6	32	23	21	22	34	14	11	25	13	8	33	7	4	15	5	
40073	12	38	38	12	17	22	31	18	37	13	39	16	40	26	30	11	8	14	6	0	5	2	15	36	34	33	29	10	41	1	32	7	35	19	28	27	21	42	23	
39220	12	40	40	39	38	17	1	27	26	29	23	12	19	25	22	18	41	42	2	16	31	28	35	14	0	4	5	30	3	11	33	32	13	36	37	15	6	24	34	
40327	12	40	40	38	39	12	17	42	1	30	29	27	41	31	19	26	32	16	18	2	5	34	22	33	23	6	25	28	36	0	10	14	35	3	21	8	4	13	11	
40297	12	41	40	41	38	39	17	12	1	16	42	35	26	31	18	37	29	22	27	30	0	19	14	6	36	28	25	4	23	21	2	32	33	13	5	11	15	7	3	
40658	12	39	38	22	17	0	26	12	31	40	29	37	1	18	4	6	27	16	23	30	28	25	13	36	10	14	21	2	11	5	39	7	33	19	3	34	32	41	35	
39870	12	33	33	13	31	32	16	12	35	30	36	9	15	10	11	18	6	8	7	5	34	26	1	22	29	28	19	0	25	38	27	17	4	23	21	2	14	3	43	
40205	12	33	33	31	13	32	12	16	38	30	15	42	39	8	35	36	10	18	11	9	6	7	14	5	41	26	17	40	34	22	37	19	0	1	27	29	2	28	23	
39423	12	31	31	33	32	16	15	25	30	12	13	35	36	11	23	29	4	10	8	27	26	18	1	19	22	28	6	24	7	17	5	34	3	2	0	9	38	21	37	
39333	12	31	31	33	16	32	30	12	11	35	36	13	15	10	5	7	8	34	18	26	9	6	17	29	1	22	25	19	4	38	27	28	0	23	2	21	24	3	43	
40590	12	31	31	33	32	16	30	12	11	15	13	35	36	10	5	18	8	6	7	34	9	26	1	22	17	29	19	0	27	2	28	4	25	38	14	21	39	23	3	
38931	12	31	33	31	32	16	30	12	13	35	15	18	36	11	10	8	34	5	7	19	9	6	27	26	17	21	1	22	29	0	25	2	14	39	38	28	4	23	24	
39230	12	31	33	31	32	16	30	12	13	11	35	36	15	10	8	18	5	26	7	9	22	17	38	6	34	19	0	1	29	4	37	2	27	28	39	25	21	42	14	
39333	12	33	33	31	16	32	30	12	11	35	36	13	15	10	5	7	8	34	18	26	9	6	17	29	1	22	25	19	4	38	27	28	0	23	2	21	24	3	43	
40105	12	33	33	31	16	12	32	11	30	26	8	17	10	38	5	35	15	7	36	0	18	13	29	27	28	6	22	1	19	2	25	4	39	21	34	14	37	40	23	
39400	12	33	33	31	32	16	30	12	11	15	13	35	10	36	7	18	6	5	8	34	26	9	17	38	22	0	39	27	1	19	25	29	2	21	42	14	40	4	28	
40530	12	33	33	31	32	16	30	12	11	13	35	36	15	10	8	18	19	26	6	5	17	34	9	7	27	22	1	0	25	38	21	29	23	2	28	4	39	3	14	
39963	12	33	33	31	32	16	12	25	30	19	23	27	13	36	35	1	29	11	4	18	28	26	8	22	15	24	17	0	2	3	10	5	6	34	21	7	38	14	9	
40459	12	32	32	31	33	16	12	30	13	35	36	11	15	10	6	18	1	26	29	0	34	19	9	7	27	5	17	2	8	28	22	23	4	25	38	3	39	14	24	
39837	12	25	23	25	29	27	28	19	24	4	1	26	22	3	0	2	17	18	12	16	31	33	35	38	30	34	13	5	32	11	36	21	42	6	15	10	20	8	9	
39889	12	23	23	25	28	24	4	19	27	29	1	22	3	26	2	18	17	0	31	16	30	12	21	34	33	35	13	36	11	32	38	20	6	7	8	15	5	42	10	
39601	12	25	25	29	23	1	4	28	27	19	3	24	26	0	2	22	17	18	31	12	16	30	35	11	5	13	32	34	21	38	36	6	15	33	10	37	20	8	40	
39166	12	25	25	23	29	4	27	28	24	1	3	19	26	0	22	2	31	17	18	16	12	30	33	13	32	38	11	5	35	34	36	15	6	42	10	40	8	37	39	
39601	12	23	29	4	23	25	1	28	27	19	3	24	26	0	2	22	17	18	31	12	16	30	35	11	5	13	32	34	21	38	36	6	15	33	10	37	20	8	40	
40170	12	25	25	23	4	1	3	24	29	28	19	27	0	22	2	26	18	17	31	12	16	21	13	30	38	5	35	33	11	15	40	32	6	34	36	37	39	8	10	
39125	12	25	23	25	27	29	28	19	1	4	24	2	26	3	18	22	17	0	31	21	16	12	30	33	32	38	13	36	35	34	11	15	20	8	7	5	10	6	42	
39914	12	23	23	19	25	18	27	24	1	29	4	22	17	28	21	26	3	20	0	16	31	2	12	33	30	32	13	36	38	11	35	6	5	34	15	8	10	42	14	
39313	12	23	25	23	24	22	29	4	1	27	19	3	28	26	0	18	2	31	17	16	12	33	30	21	5	11	35	32	13	36	38	34	8	6	15	20	37	10	42	
40161	12	23	23	25	24	4	1	29	27	28	19	3	22	26	0	2	17	18	31	36	35	16	12	33	30	38	34	21	5	11	13	10	32	6	15	8	40	39	20	
40711	12	23	23	1	3	4	25	29	28	24	27	0	22	2	19	26	17	31	18	30	12	33	16	13	6	32	35	36	5	34	38	11	10	21	8	39	43	37	15	
39225	12	23	25	23	27	29	28	1	24	4	19	26	22	3	2	0	17	31	18	16	13	35	30	38	32	33	12	5	11	15	34	21	36	6	40	37	10	7	42	
39186	12	23	23	25	24	22	4	29	3	1	19	27	26	0	28	38	31	17	2	16	30	18	33	11	12	32	13	34	36	15	5	40	21	6	35	8	14	10	39	
39694	12	19	19	18	27	29	23	28	1	25	4	21	3	26	24	17	20	0	2	22	12	31	16	30	38	33	5	35	32	13	11	36	6	42	10	14	7	43	34	
39219	12	19	19	27	29	28	23	1	18	26	25	4	3	0	17	24	21	2	22	20	12	31	30	16	33	35	32	38	5	13	36	42	11	6	39	34	14	37	15	
38908	12	19	19	27	29	28	1	23	26	4	25	18	24	3	0	2	17	22	21	31	12	20	16	5	32	33	38	30	13	35	36	6	42	11	14	37	43	34	39	
39838	12	19	19	29	27	28	1	23	26	18	25	4	3	24	17	0	2	21	22	20	12	31	16	33	35	32	30	13	38	36	5	8	6	11	42	39	34	14	43	
39674	12	19	19	27	29	28	1	23	26	18	4	25	24	3	0	2	17	21	22	12	31	16	20	33	30	13	35	38	5	32	36	11	6	39	14	10	42	37	15	
40502	12	19	19	27	29	28	1	23	18	4	25	26	24	3	2	0	17	21	22	31	20	12	16	33	35	32	13	30	36	38	5	11	6	10	15	43	42	34	8	
39025	12	19	29	19	27	28	1	23	4	25	18	26	3	24	2	17	0	22	21	20	31	12	16	30	35	5	13	33	32	38	11	36	6	34	14	39	10	43	42	
39159	12	19	19	27	29	28	23	1	18	25	26	4	24	0	3	17	2	22	21	20	31	12	30	35	16	33	38	32	13	5	36	34	6	11	42	10	7	14	39	
39104	12	19	19	27	29	28	1	23	18	25	4	26	3	24	17	0	2	21	20	22	12	31	16	35	30	33	32	38	5	36	13	42	34	6	11	39	15	14	37	
40547	12	18	18	21	17	12	19	20	27	26	16	29	30	23	28	34	38	11	22	8	13	1	0	36	25	6	31	5	3	39	2	4	32	33	35	10	15	37	42	
39550	12	18	18	27	19	21	29	28	17	12	23	26	25	20	1	16	22	4	3	2	30	0	5	34	36	8	38	13	31	10	24	35	6	32	39	15	37	42	33	
39919	12	19	19	21	18	27	17	23	20	28	29	1	25	12	26	3	4	0	11	13	2	31	33	22	16	24	30	35	5	38	8	32	10	37	36	34	43	6	15	
40400	12	18	12	5	10	31	7	16	13	18	33	9	6	8	32	36	11	35	30	15	26	2	0	22	34	38	17	1	14	4	20	29	27	19	42	25	21	39	3	
40093	12	18	18	12	8	17	16	19	27	13	28	29	31	30	33	32	36	10	26	6	1	34	5	9	7	11	15	23	4	20	35	21	0	38	2	25	22	42	24	
39914	12	19	19	23	25	18	27	24	1	29	4	22	17	28	21	26	3	20	0	16	31	2	12	33	30	32	13	36	38	11	35	6	5	34	15	8	10	42	14	
39864	12	18	18	16	20	12	13	17	21	30	31	19	32	26	6	33	35	27	10	11	1	7	5	2	0	36	22	38	34	25	29	28	23	37	4	3	42	9	15	
39993	12	18	33	16	31	32	18	12	30	13	11	35	36	15	17	10	19	8	6	7	21	20	34	27	22	26	5	1	9	0	28	4	38	39	29	2	3	42	25	
40398	12	19	19	18	27	21	17	23	1	26	29	20	25	28	31	3	12	4	2	22	0	16	38	33	24	13	30	32	11	35	5	36	39	15	8	42	6	34	10	
39237	12	21	19	27	21	1	29	23	18	28	4	17	26	3	25	0	2	24	22	20	12	31	33	16	35	30	13	36	38	32	11	34	6	15	5	10	14	37	42	
40793	12	21	21	19	18	17	27	20	23	26	12	25	28	29	16	1	11	0	3	31	4	2	22	30	13	6	36	33	32	5	35	24	38	34	10	8	37	7	15	
40026	12	19	19	29	1	27	4	28	23	18	25	24	3	26	0	2	17	21	22	12	20	16	31	13	38	30	35	5	33	36	32	10	37	40	6	15	42	11	34	
40740	12	18	18	12	13	16	38	8	31	30	32	26	11	27	1	19	33	6	5	17	2	10	21	29	35	22	20	42	39	28	14	23	0	36	9	7	34	37	25	
39544	12	18	16	33	11	18	32	31	12	13	30	17	21	26	8	36	27	19	22	5	10	1	28	0	29	35	6	2	34	7	25	38	23	4	20	15	14	3	37	
40751	12	19	29	19	27	28	25	23	26	1	18	4	17	0	2	22	3	24	21	12	30	20	31	33	32	16	5	13	35	11	6	8	34	38	36	10	15	7	39	
40345	12	18	19	18	20	21	27	12	17	23	31	33	1	29	30	26	16	32	28	11	22	13	25	2	0	35	36	6	4	15	38	3	42	24	5	8	7	39	34	
38923	12	18	18	12	31	16	17	8	13	38	33	30	19	27	32	21	20	6	22	15	10	11	42	5	23	26	36	1	0	29	9	39	2	7	25	14	35	28	4	
38919	12	20	21	19	20	18	17	27	23	12	26	1	28	29	25	11	4	3	2	30	16	0	31	13	22	5	33	32	38	15	8	42	6	35	24	34	39	10	36	
39498	12	18	21	18	19	17	20	12	27	31	23	0	13	26	1	28	16	22	11	29	25	3	33	4	30	2	32	36	38	6	5	35	37	34	24	42	7	8	10	
40291	12	18	18	16	19	12	21	31	38	13	17	27	29	33	1	20	10	30	32	26	6	11	25	22	23	2	37	35	28	0	5	7	42	14	36	8	4	3	39	
39955	12	14	14	12	6	16	30	31	35	13	34	18	36	11	33	32	38	29	5	28	25	17	10	22	19	4	26	7	15	0	8	27	1	23	2	39	24	21	9	
40138	12	12	12	29	26	16	1	10	13	18	31	19	27	32	17	30	2	0	33	22	25	28	11	6	7	36	3	23	4	39	38	21	8	9	5	20	24	34	35	
40431	12	8	11	31	12	17	18	26	13	38	16	19	33	27	30	35	32	21	1	25	5	15	22	0	36	2	29	14	8	6	7	4	3	23	42	39	10	37	28	
40746	12	11	11	16	26	12	29	0	22	17	27	1	2	10	18	19	6	30	31	38	32	33	4	21	8	25	23	13	5	39	36	15	35	14	34	28	3	7	20	
38818	12	11	11	12	30	13	17	16	18	5	33	38	32	31	22	6	19	14	26	35	29	21	36	34	25	23	42	27	1	10	0	2	4	8	28	37	15	39	9	
40537	12	11	33	31	32	16	30	11	12	13	15	36	10	35	6	18	22	5	7	26	8	38	17	34	0	19	9	1	25	4	21	27	29	28	14	2	39	3	24	
39606	12	11	11	31	12	33	13	32	17	16	18	30	2	19	26	21	5	22	0	10	38	36	35	6	15	1	34	4	39	25	27	29	3	8	7	23	43	37	42	
40474	12	13	13	12	33	31	38	16	9	32	35	30	18	10	36	8	39	15	5	11	6	7	22	17	26	14	1	42	29	37	34	40	0	19	27	41	2	28	25	
40225	12	13	12	13	42	39	8	31	16	38	18	33	7	32	10	15	35	30	41	36	6	17	14	5	40	0	26	34	9	22	11	1	29	2	27	19	4	37	21	
39119	12	16	16	31	18	33	12	13	35	17	15	30	26	38	22	6	19	1	32	21	29	27	34	10	11	0	5	2	25	36	28	3	23	39	14	8	7	37	4	
39373	12	16	33	32	16	31	30	13	12	11	10	35	36	15	18	6	7	19	8	1	5	26	29	34	9	22	27	25	28	2	4	23	38	21	17	0	14	20	39	
40746	12	16	26	12	29	0	22	17	27	1	2	10	18	19	16	6	30	31	38	32	33	4	21	8	25	23	13	5	39	11	36	15	35	14	34	28	3	7	20	
40645	12	16	16	31	33	12	13	32	10	15	22	11	30	18	17	36	19	9	6	38	1	27	35	29	26	2	14	8	0	7	23	34	28	25	4	21	39	37	20	
40544	12	15	15	31	12	33	13	16	32	30	10	5	26	18	36	35	17	11	22	1	7	27	6	8	34	14	39	38	0	19	42	23	9	2	29	28	3	37	25	
40443	12	15	15	42	12	13	39	31	16	38	33	18	8	32	10	30	35	36	6	14	41	5	17	11	7	34	0	26	9	40	22	1	2	37	19	27	29	21	28	
40476	12	15	15	31	16	13	12	33	36	32	35	10	30	6	11	18	34	26	5	38	9	1	19	8	27	7	14	42	17	39	2	22	29	0	23	21	37	40	28	
40533	12	16	16	31	33	12	32	30	13	18	11	7	15	36	35	10	6	38	17	5	34	22	9	21	27	26	19	2	1	29	8	0	39	14	23	25	4	40	37	
40606	12	16	16	31	33	12	30	32	13	18	11	15	10	17	7	5	36	22	35	38	26	8	9	19	27	21	0	1	6	34	42	2	39	29	23	14	28	25	4	
40129	12	16	16	31	33	12	32	13	30	18	11	15	7	35	17	10	8	36	6	38	27	21	1	29	25	22	26	34	5	39	4	9	0	19	43	23	40	42	2	
40370	12	16	16	31	33	12	32	18	7	30	13	11	36	10	35	22	6	15	17	8	38	34	27	5	26	0	39	42	21	9	19	29	14	25	41	2	23	1	3	
39475	12	16	16	31	33	12	32	30	11	13	18	35	36	7	15	22	10	5	38	17	6	26	34	39	8	9	27	1	2	19	21	0	14	29	25	42	23	4	40	
38824	12	12	12	18	31	13	11	15	17	22	26	33	16	38	29	30	6	0	34	32	27	25	5	19	23	2	1	35	4	36	21	8	28	3	7	9	10	14	20	
38911	12	12	12	31	18	13	16	11	15	32	30	17	33	6	26	22	38	21	29	5	19	27	25	7	0	1	28	8	35	36	2	23	34	10	9	14	42	3	39	
40666	12	12	12	7	16	13	31	33	10	18	32	5	6	15	30	36	17	11	8	35	9	26	38	34	2	22	0	1	29	21	37	19	14	27	4	28	39	42	25	
39593	12	16	18	16	31	12	20	33	11	13	32	19	10	30	35	1	17	6	26	21	0	27	36	7	4	38	22	2	8	28	34	29	15	5	9	25	14	23	3	
39864	12	16	16	18	20	12	13	17	21	30	31	19	32	26	6	33	35	27	10	11	1	7	5	2	0	36	22	38	34	25	29	28	23	37	4	3	42	9	15	
39470	12	16	18	16	12	20	33	35	13	19	31	27	32	26	6	21	30	36	1	17	29	38	34	15	4	10	25	0	11	5	2	3	28	23	22	39	14	24	7	
39783	12	13	13	33	31	12	16	9	32	36	35	18	10	30	5	8	15	6	7	26	34	11	14	22	27	19	38	1	17	29	2	0	39	37	4	25	43	3	23	
40740	12	12	12	18	13	16	38	8	31	30	32	26	11	27	1	19	33	6	5	17	2	10	21	29	35	22	20	42	39	28	14	23	0	36	9	7	34	37	25	
39544	12	12	12	16	33	11	32	18	31	13	30	17	21	26	8	36	27	19	22	5	10	1	28	0	29	35	6	2	34	7	25	38	23	4	20	15	14	3	37	
39333	12	16	32	16	33	31	30	12	11	35	36	13	15	10	5	7	8	34	18	26	9	6	17	29	1	22	25	19	4	38	27	28	0	23	2	21	24	3	43	
39529	12	16	16	31	12	33	10	32	7	13	35	18	6	30	26	5	11	8	1	36	29	22	19	27	17	25	2	15	0	23	4	9	38	3	28	34	14	39	42	
40626	12	16	16	31	12	33	32	13	10	18	11	35	7	36	30	6	9	5	8	34	15	21	17	26	22	2	0	14	38	19	1	39	25	42	27	4	29	43	20	
40779	12	16	18	17	12	13	26	16	2	22	29	31	0	21	6	25	27	30	5	10	1	38	19	34	14	4	23	39	36	11	43	8	28	3	35	37	15	32	7	
40038	12	7	17	12	1	29	4	22	26	18	0	25	38	27	28	19	30	23	39	7	31	16	37	2	5	3	20	36	13	24	10	42	21	40	32	6	33	43	34	
39667	12	12	33	16	31	12	18	32	1	26	13	36	30	27	11	35	29	17	28	22	23	21	19	5	8	38	0	4	2	10	25	6	34	15	14	7	39	20	3	
39160	12	12	12	16	18	36	10	30	7	31	17	6	11	32	26	38	0	13	5	33	19	2	29	35	28	25	1	22	42	8	37	34	21	14	39	3	23	27	4	
39582	12	12	12	30	17	16	13	31	33	18	10	22	11	26	0	38	25	36	21	9	8	29	32	1	19	34	23	6	5	27	15	35	14	2	7	28	39	4	24	
38760	12	15	15	31	17	16	12	13	38	30	6	11	33	32	26	1	18	10	5	19	36	14	22	39	29	8	27	34	0	23	28	25	2	42	7	3	4	37	9	
38967	12	11	18	12	31	38	5	16	26	13	30	29	0	1	17	22	34	6	19	36	2	27	4	25	33	8	15	21	32	35	3	14	28	39	11	23	42	10	40	
39601	12	1	29	4	28	27	1	19	23	25	3	24	26	0	2	22	17	18	31	12	16	30	35	11	5	13	32	34	21	38	36	6	15	33	10	37	20	8	40	
40806	12	4	4	1	29	27	28	3	0	23	25	26	19	2	24	17	22	18	31	16	12	32	35	30	33	13	11	38	36	5	21	6	34	10	20	15	8	40	14	
39598	12	4	25	23	4	24	3	1	29	28	19	27	0	22	26	2	18	17	31	12	16	35	13	36	21	33	6	30	11	34	38	32	5	37	10	15	40	8	14	
40495	12	4	1	29	27	4	28	23	3	25	0	26	24	19	2	22	17	31	12	18	16	33	30	38	36	35	13	11	32	6	5	43	34	10	8	15	39	40	21	
40461	12	3	4	1	25	23	3	0	29	28	24	27	19	2	22	26	12	17	31	18	13	35	16	30	11	36	33	38	5	32	21	34	15	6	37	10	39	8	42	
40084	12	3	4	1	3	25	28	29	23	0	24	19	2	27	26	17	22	18	31	12	13	16	11	38	32	36	35	30	33	21	5	6	15	40	10	39	34	37	14	
39015	12	3	29	4	1	27	28	25	24	3	23	26	0	19	2	22	17	18	31	35	16	12	33	36	32	30	13	38	40	11	5	34	6	39	8	10	37	21	15	
38775	12	3	29	4	1	28	27	24	25	23	3	26	0	19	2	22	17	31	18	12	35	16	36	33	32	13	6	30	11	38	5	34	8	39	40	15	10	14	7	
39444	12	2	1	4	2	28	3	23	25	29	0	24	19	27	26	17	22	18	31	12	16	35	30	13	32	33	36	38	11	6	21	5	10	42	39	34	20	40	15	
40294	12	2	23	25	1	4	24	3	2	28	19	29	27	22	0	26	31	17	18	12	16	32	30	33	35	11	36	5	21	34	13	38	6	40	15	10	42	7	20	
38972	12	2	4	1	2	3	28	23	29	25	0	24	19	27	26	22	17	31	12	18	16	36	35	30	13	33	11	32	38	21	34	15	10	5	6	39	43	42	40	
39903	12	2	4	2	3	29	28	1	25	0	23	27	24	19	26	22	17	16	18	31	12	13	35	32	36	38	30	33	5	11	6	10	21	39	14	8	40	34	15	
38864	12	2	1	2	3	23	29	4	25	28	24	27	19	0	26	22	18	12	17	31	16	13	35	5	33	38	32	30	6	36	21	40	11	39	8	10	15	37	14	
39014	12	1	4	1	3	0	29	23	25	2	27	28	26	24	22	19	17	18	12	30	36	35	38	31	39	13	6	5	16	34	21	37	32	33	40	10	11	14	8	
40803	12	2	23	25	4	19	1	21	0	27	22	29	28	18	26	24	17	2	3	12	20	31	16	11	38	30	5	13	35	6	33	37	8	32	36	40	42	34	10	
39166	12	4	23	4	25	29	27	28	24	1	3	19	26	0	22	2	31	17	18	16	12	30	33	13	32	38	11	5	35	34	36	15	6	42	10	40	8	37	39	
39560	12	4	19	28	29	23	27	4	21	25	1	3	0	18	17	26	2	24	22	12	20	16	31	13	35	38	30	5	33	11	32	6	36	34	37	10	8	43	42	
40711	12	1	25	1	29	23	4	3	28	24	27	0	22	2	19	26	17	31	18	30	12	33	16	13	6	32	35	36	5	34	38	11	10	21	8	39	43	37	15	
39903	12	1	1	4	2	3	29	28	25	0	23	27	24	19	26	22	17	16	18	31	12	13	35	32	36	38	30	33	5	11	6	10	21	39	14	8	40	34	15	
40711	12	4	25	4	3	23	1	29	28	24	27	0	22	2	19	26	17	31	18	30	12	33	16	13	6	32	35	36	5	34	38	11	10	21	8	39	43	37	15	
38864	12	4	1	4	3	23	2	29	25	28	24	27	19	0	26	22	18	12	17	31	16	13	35	5	33	38	32	30	6	36	21	40	11	39	8	10	15	37	14	
39891	12	1	1	28	23	4	29	27	3	25	0	19	26	2	24	22	17	18	12	16	35	36	31	21	38	30	39	40	32	13	34	37	33	11	10	14	8	6	42	
39820	12	1	1	4	25	23	3	0	29	27	28	26	24	2	19	22	18	12	17	16	36	13	21	5	35	31	30	37	34	14	38	33	39	42	40	8	43	32	6	
39560	12	1	19	1	28	29	23	27	4	21	25	3	0	18	17	26	2	24	22	12	20	16	31	13	35	38	30	5	33	11	32	6	36	34	37	10	8	43	42	
39843	12	4	4	3	1	23	25	24	0	28	29	2	27	26	22	19	17	18	16	12	31	35	6	13	5	38	32	34	30	8	33	21	36	11	15	10	40	14	37	
39962	12	4	1	4	3	0	25	23	24	28	2	29	26	27	19	17	22	12	35	31	18	21	16	36	13	32	30	5	33	11	38	39	34	6	15	14	10	8	40	
40757	12	4	1	29	27	4	23	3	28	19	0	25	26	2	24	18	17	22	16	12	31	32	35	30	38	13	36	6	34	33	21	40	11	5	39	37	8	7	10	
39272	12	1	29	1	4	27	3	23	28	25	26	0	19	2	24	22	17	18	31	35	33	12	32	16	13	30	36	5	38	11	21	34	8	10	15	39	6	37	7	
39623	12	1	27	4	1	29	23	25	28	19	3	0	26	24	18	2	12	22	17	31	16	32	35	30	5	33	21	13	6	38	36	15	34	7	11	10	8	42	37	
40311	12	1	1	27	4	23	3	25	0	29	19	26	28	24	2	22	17	12	31	18	33	32	35	13	16	38	30	36	11	21	5	34	6	37	39	40	8	15	42	
40424	12	1	1	27	4	23	3	0	25	29	19	26	2	28	12	24	17	31	22	18	32	33	16	35	13	38	21	36	6	5	11	37	30	40	15	10	8	14	34	
39272	12	4	29	4	23	28	27	3	1	25	26	0	19	2	24	22	17	18	31	35	33	12	32	16	13	30	36	5	38	11	21	34	8	10	15	39	6	37	7	
40711	12	3	25	29	3	28	24	4	1	23	27	0	22	2	19	26	17	31	18	30	12	33	16	13	6	32	35	36	5	34	38	11	10	21	8	39	43	37	15	
40570	12	3	1	4	3	0	25	23	29	26	2	28	27	22	24	19	12	18	17	31	16	35	13	6	33	11	34	36	5	8	38	10	15	14	30	21	32	40	37	
40803	12	3	23	25	4	19	1	3	21	0	2	27	22	29	28	18	26	24	17	12	20	31	16	11	38	30	5	13	35	6	33	37	8	32	36	40	42	34	10	
40176	12	3	3	4	1	0	25	28	23	29	2	27	24	26	22	19	17	31	18	16	12	35	13	38	36	5	30	33	39	6	11	10	21	34	32	43	8	40	15	
39442	12	3	1	4	3	25	24	23	29	28	0	19	2	27	26	22	17	18	31	12	16	35	21	13	6	36	30	5	34	11	32	33	38	39	15	10	42	43	40	
39272	12	3	29	23	28	25	3	26	0	19	27	4	1	2	24	22	17	18	31	35	33	12	32	16	13	30	36	5	38	11	21	34	8	10	15	39	6	37	7	
39843	12	1	1	3	4	23	25	24	0	28	29	2	27	26	22	19	17	18	16	12	31	35	6	13	5	38	32	34	30	8	33	21	36	11	15	10	40	14	37	
39255	12	1	29	4	27	1	23	28	25	3	24	19	2	26	0	22	17	18	31	12	16	38	13	35	33	34	5	30	36	21	20	11	40	6	42	32	8	39	7	
39878	12	3	4	1	3	25	0	23	24	29	28	26	2	27	19	22	12	17	18	35	38	31	33	16	32	36	13	30	14	21	15	39	8	5	34	37	11	40	10	
39071	12	4	27	4	1	28	29	3	0	26	23	25	19	2	18	24	17	22	31	12	16	13	35	30	34	36	32	33	21	5	6	11	38	20	15	8	10	43	42	
40681	12	35	35	33	31	32	36	16	30	34	12	13	15	11	6	10	18	7	1	26	17	8	9	5	22	19	2	14	29	27	0	25	23	38	28	4	3	39	21	
39837	12	29	23	29	27	25	28	19	24	4	1	26	22	3	0	2	17	18	12	16	31	33	35	38	30	34	13	5	32	11	36	21	42	6	15	10	20	8	9	
40496	12	28	28	29	27	19	23	1	25	4	26	17	3	2	18	24	0	22	31	30	21	16	12	32	33	5	6	35	36	11	20	13	34	38	7	8	10	15	42	
39434	12	27	19	27	29	28	21	18	23	1	17	26	25	4	3	24	2	20	0	12	22	31	16	33	11	13	35	32	38	30	5	6	8	34	36	39	14	15	10	
39634	12	29	28	29	27	1	23	19	25	26	4	3	2	24	0	17	22	18	31	12	16	36	32	21	30	33	35	38	13	10	11	5	20	6	39	40	37	8	7	
40806	12	29	29	1	27	4	28	3	0	23	25	26	19	2	24	17	22	18	31	16	12	32	35	30	33	13	11	38	36	5	21	6	34	10	20	15	8	40	14	
40757	12	28	28	1	4	29	27	23	3	19	0	25	26	2	24	18	17	22	16	12	31	32	35	30	38	13	36	6	34	33	21	40	11	5	39	37	8	7	10	
39212	12	28	29	28	27	23	19	26	1	25	4	24	0	3	17	22	12	18	2	31	33	16	38	32	5	36	30	35	13	21	34	11	39	8	6	37	15	42	20	
40179	12	28	29	4	1	28	27	25	3	23	0	26	24	19	2	22	17	31	18	12	16	30	36	33	5	13	35	38	10	6	32	11	34	39	15	7	21	8	42	
40432	12	28	29	4	27	1	28	25	3	23	26	0	24	19	2	22	17	18	31	12	16	38	35	30	40	13	36	33	32	39	5	37	34	8	10	6	15	21	42	
39867	12	28	29	1	4	28	27	25	23	3	0	19	26	24	2	18	22	17	12	31	16	30	13	35	33	34	36	6	38	32	5	10	40	11	37	39	21	8	14	
39256	12	28	29	28	4	27	1	25	3	23	0	26	19	24	2	22	17	31	18	35	36	12	16	33	30	32	13	6	34	38	11	15	5	21	37	10	40	39	20	
39569	12	28	29	4	1	28	27	23	25	3	26	0	19	24	2	17	22	18	31	16	12	36	35	30	33	32	34	13	38	5	15	39	6	40	10	37	11	42	21	
39725	12	28	29	1	4	27	28	25	40	23	3	24	26	0	19	2	38	39	31	17	22	18	12	16	35	41	42	33	13	36	32	30	5	37	6	34	15	14	10	
39021	12	28	29	28	4	27	1	25	3	23	0	26	19	24	2	22	17	18	31	12	16	35	36	13	30	11	33	38	6	32	5	15	10	34	21	42	37	39	40	
40199	12	28	29	4	1	28	27	3	23	25	0	26	24	19	2	22	17	18	31	12	33	30	38	36	16	5	32	10	35	13	8	11	39	34	6	40	42	21	37	
39328	12	28	29	1	4	28	27	3	0	25	23	26	19	24	2	22	17	18	31	16	12	35	30	32	13	33	38	11	15	36	5	6	34	21	40	8	20	14	42	
40707	12	28	29	4	1	28	27	25	23	3	0	26	19	24	2	37	38	17	22	18	12	31	16	39	40	42	35	30	33	5	13	41	11	6	14	36	21	32	8	
39281	12	28	29	4	28	1	27	3	25	23	0	26	24	19	2	22	17	18	31	16	36	12	33	35	13	32	30	6	21	38	5	15	34	11	42	39	10	37	43	
39166	12	29	23	29	25	4	27	28	24	1	3	19	26	0	22	2	31	17	18	16	12	30	33	13	32	38	11	5	35	34	36	15	6	42	10	40	8	37	39	
39337	12	28	29	28	27	1	19	4	23	25	26	3	24	0	2	22	17	18	31	12	16	35	13	32	30	11	21	33	36	5	6	15	38	34	7	8	10	39	42	
39768	12	28	27	28	29	19	23	1	21	25	4	26	17	18	3	2	24	0	22	12	20	31	30	13	36	16	11	32	34	35	38	6	33	5	10	7	42	8	37	
40033	12	29	29	27	28	25	23	4	19	1	26	24	0	3	18	22	2	17	31	30	12	32	16	33	13	5	35	38	11	8	21	36	6	7	15	34	10	20	37	
39272	12	27	27	29	1	3	4	23	28	25	26	0	19	2	24	22	17	18	31	35	33	12	32	16	13	30	36	5	38	11	21	34	8	10	15	39	6	37	7	
39434	12	29	19	29	27	28	21	18	23	1	17	26	25	4	3	24	2	20	0	12	22	31	16	33	11	13	35	32	38	30	5	6	8	34	36	39	14	15	10	
39071	12	29	29	27	1	4	28	3	0	26	23	25	19	2	18	24	17	22	31	12	16	13	35	30	34	36	32	33	21	5	6	11	38	20	15	8	10	43	42	
38977	12	27	27	29	28	19	18	23	1	26	4	25	0	3	2	17	24	22	21	12	16	31	30	20	36	35	38	6	5	34	33	13	32	11	8	10	15	37	42	
40229	12	38	38	40	39	41	37	17	29	12	1	26	16	27	31	13	42	32	18	2	23	8	10	0	33	14	15	35	22	30	25	36	28	7	6	19	11	34	4	
39724	12	38	40	38	39	41	37	17	12	1	31	26	16	27	13	29	42	2	19	18	14	33	23	0	5	32	30	35	22	25	10	15	34	21	28	8	36	6	11	
39029	12	38	40	38	39	41	31	37	17	42	12	26	29	1	16	27	15	18	13	23	19	33	35	0	22	36	25	2	8	14	32	7	28	10	4	6	30	11	21	
40279	12	38	38	40	41	39	17	37	12	26	1	31	29	16	30	27	18	42	19	2	32	11	13	0	10	14	33	8	23	22	28	6	35	34	5	21	7	4	15	
39073	12	40	40	39	38	41	1	42	12	31	16	17	18	14	36	29	33	27	19	35	2	30	22	8	26	23	32	13	37	15	25	4	10	6	28	0	11	7	21	
40181	12	40	40	1	39	4	38	0	3	29	27	25	2	23	28	26	16	24	18	12	17	22	19	31	42	32	33	14	37	41	30	8	13	35	6	5	7	34	21	
39700	12	38	38	37	12	17	31	13	6	26	18	29	28	40	27	33	16	1	19	22	30	36	39	35	34	0	23	15	25	5	4	32	8	11	14	21	2	10	7	
40420	12	38	38	12	17	26	18	22	27	1	30	31	0	16	19	29	23	34	25	13	6	39	5	7	14	28	40	37	2	4	11	32	33	21	3	35	24	8	10	
40215	12	38	38	26	17	12	16	30	34	18	22	31	29	27	1	5	19	0	33	32	23	13	4	11	39	3	28	6	25	7	14	36	2	10	42	37	35	40	15	
40575	12	38	38	31	18	12	30	16	1	17	29	37	28	26	40	39	33	19	34	41	27	4	36	25	32	10	22	6	0	2	21	42	13	11	3	23	5	35	15	
39897	12	38	31	12	32	33	16	35	13	30	19	1	5	23	18	29	36	26	6	25	22	27	3	10	0	4	2	28	11	17	38	8	34	15	7	24	14	39	21	
40391	12	38	38	16	31	12	36	29	30	17	18	33	40	13	26	1	37	41	4	39	35	34	28	32	6	25	10	0	22	8	11	27	5	19	15	42	3	14	21	
40572	12	38	38	12	31	30	18	26	4	1	16	39	33	17	11	37	34	10	6	0	40	36	29	25	19	5	22	21	13	42	41	23	15	32	28	35	27	14	3	
39432	12	38	38	40	39	41	31	12	37	17	30	14	16	15	33	1	13	42	6	26	22	32	34	7	36	2	11	35	18	0	23	5	10	28	19	8	29	21	27	
40601	12	38	38	40	39	12	17	31	41	16	37	42	29	26	27	33	14	30	32	1	13	7	18	28	5	11	19	36	10	23	25	15	6	35	22	2	21	8	34	
39604	12	38	38	40	39	17	41	42	16	12	18	37	13	19	31	26	29	21	27	7	30	2	14	35	33	1	22	6	8	5	10	36	0	34	32	25	23	28	15	
39355	12	38	38	40	39	17	41	16	12	26	29	1	18	27	37	30	19	31	42	13	33	14	8	35	32	28	0	2	22	10	6	7	5	36	34	25	23	21	15	
40636	12	38	38	40	39	31	26	1	17	12	19	29	18	27	41	23	37	0	16	13	22	28	25	4	11	33	2	15	6	42	10	14	36	30	32	3	34	21	35	
39895	12	38	38	12	17	26	37	16	31	29	19	13	1	27	0	39	6	18	11	36	30	8	32	33	40	5	23	28	10	34	4	22	21	14	25	42	35	3	15	
39253	12	38	38	40	39	37	17	41	12	42	26	31	13	30	1	16	18	2	14	5	34	32	22	8	29	0	36	6	33	21	7	19	35	11	27	15	10	23	28	
39007	12	38	1	29	28	2	19	38	4	27	23	17	25	3	0	26	24	18	37	22	12	40	31	39	16	30	42	11	32	5	6	36	13	7	21	8	41	35	33	
40604	12	38	38	40	17	39	12	37	41	31	30	26	1	42	16	8	2	21	7	22	18	23	27	13	32	0	19	5	6	33	36	11	10	15	14	34	28	25	35	
40790	12	40	38	40	41	39	17	37	29	1	26	12	18	19	2	27	16	0	31	25	4	14	22	30	28	42	21	23	13	8	11	10	33	6	5	7	3	32	15	
39129	12	37	38	12	31	33	1	16	13	17	22	26	32	40	39	30	6	18	41	21	37	23	19	15	29	2	10	0	5	28	11	27	25	14	4	8	3	36	35	
39533	12	37	38	31	12	1	37	16	13	17	33	32	30	5	39	22	15	26	19	6	18	27	40	23	41	0	29	14	42	11	36	34	25	8	28	21	35	4	2	
40709	12	40	40	38	39	17	26	36	31	1	16	29	0	41	12	28	2	32	30	33	34	35	18	42	19	4	27	3	22	8	13	11	15	37	14	23	21	25	5	
39110	12	38	40	39	38	16	17	31	12	41	18	32	30	11	42	33	15	14	29	1	7	6	26	10	37	5	8	22	2	4	25	27	13	19	36	0	34	3	35	
