40674	12	18	0	41	16	28	12	38	42	23	8	37	9	15	43	29	21	6	40	10	14	22	39	25	3	36	2	27	18	13	33	7	24	4	35	26	32	1	19	
38863	12	2	21	40	33	24	17	39	23	15	2	11	7	27	1	42	28	14	0	12	3	25	4	37	9	31	30	18	26	43	29	36	8	38	5	35	10	16	32	
39114	12	19	40	12	39	3	36	25	37	14	18	19	23	8	11	29	16	27	9	15	31	28	33	6	7	41	38	2	1	22	10	17	42	43	32	5	13	34	21	
39445	12	12	15	25	9	43	23	39	31	20	8	12	28	10	40	3	14	18	22	27	41	38	16	36	7	26	2	32	4	42	5	17	24	29	21	37	33	1	0	
39633	12	29	28	12	3	39	4	37	29	23	18	17	9	33	15	8	40	10	21	6	7	43	1	25	31	2	5	41	19	42	24	16	26	30	36	14	0	34	38	
38962	12	19	8	25	10	21	9	12	2	24	14	3	26	19	15	42	38	16	39	27	23	7	41	29	31	40	32	43	33	30	11	28	13	37	0	22	4	35	18	
38863	12	4	21	40	33	24	17	39	23	15	11	7	27	1	42	28	14	0	12	3	25	37	9	4	31	30	18	26	43	29	36	8	2	38	5	35	10	16	32	
39016	12	1	15	8	39	10	38	9	24	28	30	5	17	7	42	19	37	26	18	12	3	13	27	21	14	31	16	22	40	25	20	4	1	0	33	29	36	2	43	
39622	12	4	37	25	20	40	14	22	23	42	28	39	8	21	9	18	15	2	43	13	27	3	12	24	36	16	7	11	41	4	32	17	10	0	31	1	38	19	33	
39085	12	13	15	4	2	27	14	3	12	20	37	29	35	42	17	41	33	39	40	43	22	25	23	28	8	1	16	9	36	21	24	19	31	7	0	10	5	13	32	
39448	12	16	36	8	27	12	28	38	26	15	9	11	43	2	29	31	32	33	37	30	24	6	3	7	18	40	16	25	39	5	17	19	1	34	10	42	20	22	23	
39787	12	38	33	15	43	22	23	29	36	39	12	2	24	37	28	13	3	16	17	6	30	40	18	32	31	8	7	25	5	42	27	11	10	1	26	38	41	14	0	
39758	12	13	11	36	15	3	12	21	32	5	25	24	19	39	7	31	2	30	28	41	18	29	43	42	40	4	1	27	16	17	37	8	9	23	20	22	33	10	13	
39291	12	33	19	23	41	3	2	29	17	28	21	38	25	15	42	43	39	12	36	9	4	27	1	31	0	40	37	32	8	5	33	22	30	14	11	20	24	10	26	
39833	12	11	8	4	38	29	39	36	3	12	37	10	42	24	40	41	20	25	31	15	34	23	5	18	33	28	0	30	6	32	16	43	27	9	19	7	21	14	11	
39509	12	25	12	15	28	11	21	38	14	33	25	2	5	9	4	42	31	18	37	7	1	23	36	3	29	41	40	8	10	30	43	39	17	19	16	27	22	24	34	
40724	12	38	7	25	40	37	0	16	28	39	29	14	21	3	24	2	8	15	13	31	23	38	36	4	19	10	42	11	32	5	9	1	12	43	33	41	22	20	18	
39311	12	16	8	22	25	13	12	23	7	31	40	15	28	3	1	9	27	10	42	11	26	37	24	29	17	19	36	21	38	20	5	16	6	32	39	14	2	41	18	
39610	12	15	29	11	5	15	12	27	33	18	43	36	40	3	17	42	39	37	28	38	41	16	22	20	7	0	8	6	32	2	13	31	21	23	9	4	25	10	34	
39851	12	41	28	32	12	21	43	5	36	39	23	15	25	9	18	10	33	11	27	31	29	17	2	24	16	7	41	3	4	26	37	42	30	20	0	13	14	22	19	
39594	12	4	23	11	7	5	12	10	15	32	39	30	24	9	31	19	3	21	8	26	29	27	42	2	16	17	18	28	4	36	38	41	20	37	14	33	43	25	34	
39459	12	23	22	12	33	23	7	41	9	28	17	15	29	37	43	26	25	24	11	8	39	14	21	0	42	5	16	19	3	36	10	30	31	2	4	38	18	1	40	
40335	12	15	5	33	36	16	28	9	11	32	22	23	19	15	40	25	18	4	27	37	24	6	2	39	38	1	34	12	21	43	8	14	26	7	13	42	30	3	29	
39953	12	40	40	37	28	0	7	21	13	41	16	24	39	23	17	12	31	15	38	29	14	2	4	27	8	25	33	11	10	1	22	18	3	43	6	19	36	32	26	
39407	12	29	28	2	16	33	25	5	36	3	23	11	12	38	13	32	37	41	43	21	15	18	4	14	40	30	7	39	42	29	17	31	22	10	27	34	8	9	20	
40444	12	28	27	9	42	40	12	28	22	39	37	36	3	29	19	32	18	10	4	15	23	20	11	2	16	14	5	38	33	43	8	41	26	21	25	13	6	7	31	
40168	12	33	29	3	9	39	28	25	21	15	12	22	30	7	40	10	17	5	19	33	36	6	13	4	8	0	31	23	27	11	32	20	42	18	37	43	1	2	24	
40068	12	38	25	39	36	2	15	28	32	29	23	1	8	34	13	31	9	42	3	38	5	12	18	19	27	11	22	33	40	4	24	6	17	41	35	37	0	10	14	
39365	12	18	8	2	36	14	28	23	42	1	22	38	10	25	35	15	7	39	37	12	29	3	0	18	20	26	24	21	27	40	5	9	19	4	33	43	30	17	11	
39516	12	14	12	8	9	30	41	22	2	15	35	10	18	42	39	29	7	26	5	23	28	25	3	27	21	33	0	31	43	34	36	40	17	19	32	37	11	1	20	
39495	12	38	39	33	5	3	22	29	15	32	13	31	9	24	40	1	10	11	42	8	27	28	20	21	23	7	38	43	17	0	36	30	25	12	14	16	41	6	2	
39445	12	7	15	25	9	43	23	39	31	20	8	28	10	40	3	14	18	22	27	41	38	16	36	26	2	32	4	42	5	17	24	29	21	37	33	1	0	7	30	
39018	12	29	23	40	12	5	21	42	36	37	43	9	3	31	33	15	17	27	41	39	38	11	19	8	14	32	25	20	35	22	16	7	2	18	24	10	0	34	26	
40168	12	32	29	3	9	39	28	25	21	15	12	22	30	7	40	10	17	5	19	36	6	13	32	4	8	0	31	23	27	11	20	42	18	37	43	33	1	2	24	
39051	12	38	15	8	25	26	12	36	24	21	23	27	3	7	19	22	9	38	11	18	2	10	20	40	39	28	14	13	0	42	32	29	16	5	34	30	17	4	43	
39775	12	16	32	12	27	15	28	42	5	25	10	43	37	22	18	9	29	39	8	3	6	41	30	33	36	19	23	17	1	16	20	38	11	7	31	2	35	24	4	
39085	12	18	15	4	2	27	14	3	12	20	37	29	35	42	17	41	18	33	39	40	43	22	25	23	28	8	1	16	9	13	36	21	24	19	31	7	0	10	5	
39111	12	39	13	8	28	39	2	9	35	15	14	21	31	7	23	17	18	5	32	12	6	43	29	40	10	38	25	30	3	27	33	42	19	37	22	1	26	24	20	
39018	12	28	23	40	12	5	21	42	36	28	37	43	9	3	31	33	15	17	27	41	39	38	11	1	29	4	19	8	14	32	25	20	35	22	16	7	2	18	24	
40637	12	40	42	33	15	10	23	12	39	28	9	20	37	38	1	31	43	2	8	29	3	24	35	25	40	11	18	5	30	0	14	26	32	16	19	22	13	41	36	
39018	12	1	23	40	12	5	21	42	36	37	43	9	3	31	33	15	17	27	41	39	38	11	19	8	14	32	25	20	35	22	16	7	2	18	24	10	0	1	34	
40764	12	16	12	36	15	5	39	3	40	25	1	37	24	10	33	0	35	7	22	31	29	28	17	23	38	42	13	32	20	11	27	21	9	18	30	4	43	14	16	
39740	12	16	12	25	39	8	24	36	23	2	15	9	3	37	31	38	41	10	18	32	1	29	21	17	0	26	14	22	6	20	19	28	4	30	34	27	33	7	5	
39188	12	19	20	15	22	42	12	37	36	9	14	8	6	29	39	0	32	19	16	38	30	33	31	11	23	43	3	10	7	2	26	1	24	18	17	25	21	28	5	
40330	12	18	10	12	39	28	15	7	29	5	36	38	23	17	37	27	3	43	19	21	9	8	20	22	0	42	25	33	16	18	6	11	41	2	31	4	40	24	35	
40408	12	18	28	38	8	15	9	25	39	3	26	11	2	7	12	40	22	23	21	10	32	16	0	18	5	29	37	6	30	13	36	20	4	41	14	24	1	43	33	
40722	12	8	12	15	29	24	36	22	33	38	43	4	25	21	23	30	10	39	5	31	20	3	37	0	7	1	8	26	28	6	40	17	32	11	27	13	42	16	2	
40201	12	15	39	8	23	10	12	37	15	17	40	33	22	41	9	3	36	1	24	28	25	38	0	7	2	16	43	14	21	19	29	42	20	5	35	31	4	32	18	
39622	12	29	37	25	20	40	14	22	23	42	28	39	8	21	9	18	15	29	2	43	13	27	3	12	24	36	16	4	7	11	41	32	17	10	0	31	1	38	19	
40263	12	6	23	43	8	14	11	28	39	13	15	40	16	27	26	36	12	32	30	41	10	31	25	21	7	2	1	42	38	9	22	24	18	37	29	33	19	35	20	
40650	12	15	25	36	29	21	15	3	7	28	42	32	40	8	41	39	22	12	30	24	11	9	19	14	33	31	17	27	4	23	5	10	34	43	37	2	38	16	20	
40266	12	29	25	39	29	12	8	24	31	15	7	38	20	33	18	36	22	43	4	0	10	5	28	27	42	37	23	2	11	40	9	35	17	26	1	32	6	14	30	
39735	12	33	39	37	12	25	3	2	22	15	29	24	10	42	33	14	17	8	5	18	40	41	36	20	23	1	0	9	21	38	43	32	28	19	7	27	26	35	13	
39018	12	4	23	40	12	5	21	42	36	37	43	9	3	31	33	15	17	27	41	39	38	11	19	8	14	32	25	20	35	22	16	7	2	18	24	10	0	34	26	
39509	12	23	12	15	28	11	21	38	14	33	2	5	23	9	4	42	31	18	37	7	1	36	25	3	29	41	40	8	10	30	43	39	17	19	16	27	22	24	34	
39854	12	38	12	36	29	18	42	28	23	10	0	15	8	7	22	38	2	3	41	11	16	9	30	27	32	24	39	43	25	34	31	40	33	1	13	5	4	6	37	
39359	12	19	29	28	12	41	25	4	37	3	15	9	18	20	10	23	24	5	33	0	17	22	16	8	1	27	40	43	19	39	26	31	7	30	42	2	14	36	35	
40511	12	33	12	18	40	3	15	39	28	13	22	25	9	29	38	37	10	0	42	27	33	8	36	19	16	20	26	17	24	4	6	21	2	11	23	7	14	5	41	
39607	12	16	12	40	29	7	8	18	1	31	27	33	25	28	43	6	0	15	39	11	24	42	2	30	16	26	3	37	22	17	23	41	10	14	38	20	9	19	13	
38990	12	16	38	16	43	5	42	1	15	25	17	41	8	40	3	0	18	39	37	28	29	11	22	14	10	33	20	2	9	12	24	23	36	27	32	21	19	30	7	
39583	12	39	22	42	3	2	29	9	41	18	37	12	17	14	40	15	43	28	36	38	27	39	4	11	1	24	5	10	16	23	31	32	20	33	7	21	0	6	19	
39835	12	31	27	32	4	25	17	23	12	18	24	39	31	15	8	36	42	10	33	29	37	43	9	38	28	3	41	1	13	6	5	30	26	22	19	14	7	2	40	
