13271	12	40	42	38	40	37	39	41	6	10	31	12	15	14	30	33	18	26	8	16	28	17	27	13	29	23	4	11	5	36	25	22	7	19	2	0	1	3	32	
38250	12	1	4	29	28	23	25	27	0	3	26	19	1	22	17	2	33	11	24	16	18	12	36	10	31	6	15	30	37	8	38	39	21	5	32	14	13	7	34	
6332	12	23	23	25	27	29	4	28	3	22	0	26	1	19	2	24	17	18	21	33	16	31	12	36	10	15	30	37	5	11	38	39	6	42	14	13	8	40	34	
54218	12	38	42	40	38	37	39	41	12	16	14	6	28	23	27	4	31	25	10	33	29	18	15	26	17	13	19	2	30	8	11	0	36	3	5	22	21	32	1	
54250	12	39	39	40	42	38	41	37	12	26	17	18	8	15	10	31	6	13	22	28	29	33	0	16	14	3	25	27	4	11	23	19	30	1	36	2	5	21	7	
12644	12	29	29	27	25	23	4	19	28	26	3	22	24	1	17	0	2	21	18	33	12	30	16	31	10	15	6	11	5	38	13	39	34	37	8	42	7	32	36	
37987	12	25	25	29	4	23	28	3	0	27	22	2	26	1	24	19	17	16	18	10	12	31	33	38	36	6	11	37	5	14	21	30	15	39	8	42	13	7	34	
54285	12	4	27	4	23	25	29	28	26	1	2	24	0	3	22	17	19	33	18	31	16	10	12	21	15	5	6	13	30	38	11	36	37	32	14	34	8	39	42	
38616	12	40	40	39	38	42	41	37	26	12	4	29	23	22	27	6	28	17	0	31	25	15	10	33	30	18	16	1	19	11	21	3	14	8	5	2	7	13	36	
54313	12	29	29	27	25	23	4	19	26	28	1	24	17	22	3	0	2	33	18	21	30	10	12	16	6	31	15	5	32	11	13	38	37	36	42	39	14	7	34	
38742	12	39	38	39	42	41	40	37	17	22	26	0	29	3	27	12	28	4	33	25	23	31	19	10	2	15	8	18	14	1	21	6	30	16	11	7	36	13	5	
14178	12	3	29	4	28	3	19	23	25	27	1	26	22	0	2	17	24	18	21	33	36	12	31	10	30	6	16	15	11	5	13	38	37	39	34	14	42	32	8	
54355	12	6	17	29	28	26	25	0	22	2	12	31	15	16	4	23	33	10	27	21	19	30	3	18	11	6	13	36	1	38	39	34	14	37	5	42	7	8	40	
54416	12	4	29	25	4	28	38	23	19	42	26	39	3	27	41	2	22	12	17	40	0	37	1	18	10	33	15	6	16	30	8	24	5	36	13	11	14	31	7	
16433	12	6	33	31	12	16	6	10	15	30	11	13	36	26	17	7	32	8	14	27	5	42	18	0	22	28	2	39	25	29	34	23	37	4	9	41	21	38	19	
54441	12	25	25	23	3	29	4	28	0	27	1	22	19	26	2	17	24	21	18	12	10	36	33	31	6	11	16	5	38	30	15	39	37	14	13	42	40	34	8	
38360	12	10	10	9	12	13	33	16	6	5	30	26	17	18	11	7	29	31	25	15	23	27	8	14	4	36	22	38	39	32	19	28	0	34	1	3	2	42	41	
15363	12	40	40	39	38	42	41	37	17	26	12	6	29	27	33	28	31	15	10	25	16	14	4	18	13	23	30	22	36	19	11	0	1	2	8	5	21	3	7	
54486	12	28	29	25	23	28	4	2	27	0	3	19	1	26	22	17	24	18	36	16	10	11	33	12	21	31	6	38	15	39	30	37	14	13	8	34	5	42	32	
20823	12	3	23	28	0	27	3	22	26	2	25	4	29	1	24	17	19	18	16	12	31	38	10	33	39	11	37	42	36	6	14	21	30	8	13	15	40	5	34	
54552	12	1	28	29	27	26	23	19	25	4	1	3	2	0	17	22	18	36	10	16	11	31	33	12	15	24	6	21	30	39	38	14	37	5	13	42	32	7	8	
54582	12	16	13	33	12	31	9	36	10	30	11	16	18	15	17	32	5	19	26	14	6	27	25	22	8	29	23	28	7	21	0	38	35	34	4	37	2	1	39	
54592	12	11	37	38	11	39	10	12	16	31	26	33	17	6	23	27	42	30	13	18	40	28	29	22	15	5	25	19	0	7	14	21	4	32	2	3	1	36	41	
54594	12	39	39	41	38	40	42	37	17	26	29	28	12	15	27	10	14	31	33	22	4	19	6	23	2	30	25	0	1	16	11	3	8	13	18	5	21	7	36	
20442	12	36	33	34	36	26	17	12	22	10	27	13	28	6	16	30	29	31	7	23	15	25	18	0	35	11	8	14	32	19	42	38	37	3	4	5	39	2	21	
54622	12	35	12	33	18	13	31	10	30	16	36	11	5	17	6	34	15	35	32	26	21	7	19	14	8	27	42	39	9	28	29	0	38	22	2	25	23	37	40	
54658	12	27	25	28	4	27	23	26	29	3	19	2	1	0	22	17	24	18	36	16	10	33	38	31	12	11	15	6	14	21	5	37	30	39	34	42	40	8	13	
54660	12	40	40	39	38	42	41	37	26	12	31	33	17	16	27	15	29	10	28	6	23	18	4	22	0	30	19	11	1	25	13	21	2	14	3	5	8	7	36	
54668	12	39	42	39	12	15	38	41	26	8	10	17	18	13	33	16	31	37	40	27	14	29	0	6	22	28	11	30	5	2	19	3	23	7	21	25	4	1	32	
31085	12	21	21	17	19	27	18	29	23	26	25	12	28	22	0	3	4	2	33	1	20	16	11	6	31	10	30	42	13	38	8	5	14	39	15	37	32	34	40	
33484	12	13	13	33	12	31	16	10	18	15	11	30	6	17	26	7	8	5	36	0	27	19	9	32	21	22	42	14	28	29	39	35	37	34	23	25	2	38	3	
40761	12	12	13	12	33	10	16	31	11	30	18	9	36	15	6	17	7	14	5	27	26	8	32	23	28	19	29	25	22	0	21	42	4	39	1	2	37	3	35	
39619	12	40	38	42	40	39	37	41	12	10	31	15	33	26	8	17	13	18	6	16	14	29	28	30	4	11	22	27	25	0	36	23	7	19	3	21	32	2	1	
39210	12	19	28	19	29	25	26	22	4	3	0	27	23	1	2	17	24	18	21	33	30	10	31	12	11	16	5	38	6	36	37	15	39	13	14	42	32	34	40	
39210	12	27	27	19	1	23	28	29	25	26	22	4	3	0	2	17	24	18	21	33	30	10	31	12	11	16	5	38	6	36	37	15	39	13	14	42	32	34	40	
