54159	12	6	6	41	16	42	12	38	40	13	10	33	17	31	15	39	26	18	11	8	5	22	0	37	14	30	27	2	36	19	21	28	7	3	23	4	29	1	25	
54160	12	1	0	1	4	3	2	25	23	29	22	28	26	27	19	17	24	18	21	16	12	31	6	11	15	36	10	38	33	37	34	13	39	40	30	8	5	42	14	
54163	12	39	38	42	39	37	41	40	12	17	10	31	33	14	8	13	27	16	18	26	15	11	6	29	0	2	22	19	30	4	25	36	28	21	23	5	3	1	32	
3260	12	4	27	23	4	28	29	25	22	26	19	3	0	1	17	2	18	24	16	12	33	21	31	6	34	5	11	10	36	30	38	15	13	39	42	37	8	7	14	
54196	12	40	42	40	38	39	14	37	41	12	6	16	13	18	10	17	31	15	33	26	11	8	2	5	28	30	29	22	32	36	4	25	23	0	27	19	7	21	1	
37634	12	23	23	28	25	29	4	1	3	27	0	2	26	19	22	24	17	18	21	16	12	38	33	36	31	10	6	39	37	11	13	15	5	8	40	34	30	42	32	
16854	12	4	28	4	23	27	29	25	26	19	1	2	22	3	24	17	0	18	21	12	16	11	10	38	6	36	33	31	13	5	15	37	8	42	39	40	34	30	32	
37842	12	20	17	21	19	27	12	23	26	29	20	25	16	22	28	2	3	0	10	1	18	13	4	6	33	31	11	15	30	8	5	42	38	39	7	36	14	37	34	
54298	12	40	40	39	42	38	37	17	41	6	12	26	27	18	16	28	15	14	23	31	19	2	1	10	4	29	25	21	13	8	33	22	36	0	11	30	5	3	34	
19311	12	1	25	4	3	22	1	29	0	28	17	23	27	19	26	21	2	18	24	12	33	38	5	30	16	11	6	36	39	10	31	37	42	13	40	8	15	34	32	
19096	12	27	27	26	29	25	28	23	4	12	13	22	17	3	1	0	19	2	18	31	10	33	16	11	30	36	5	15	6	21	38	42	7	14	39	37	34	8	9	
18499	12	6	10	16	13	33	18	6	31	12	11	7	5	30	17	8	15	42	9	19	26	21	22	32	36	0	34	14	39	1	27	23	2	3	29	37	28	38	25	
54386	12	38	39	40	37	38	42	12	41	13	31	17	6	8	15	18	33	16	10	14	26	27	22	11	4	0	29	1	19	30	23	28	36	5	2	25	21	3	7	
54391	12	16	17	12	25	27	26	18	22	19	4	29	1	33	0	21	2	31	13	23	28	16	42	30	5	15	38	32	6	3	11	10	8	36	34	24	37	39	40	
54429	12	11	11	31	12	33	16	13	6	30	10	32	15	36	18	14	26	17	5	7	22	27	8	19	37	42	0	28	23	2	34	29	25	1	38	4	21	39	9	
37883	12	25	25	2	23	4	1	29	28	3	0	27	19	22	26	24	17	18	16	31	36	10	21	33	12	6	11	38	13	30	39	15	37	8	5	32	40	34	42	
18179	12	16	33	16	31	30	12	6	17	13	10	15	11	32	26	18	22	5	36	19	27	8	0	1	2	21	28	29	25	42	7	37	23	34	39	38	4	14	3	
54508	12	4	29	25	28	4	19	23	27	1	3	26	0	2	17	22	24	18	6	21	12	33	16	11	31	38	36	10	37	5	13	30	40	15	8	14	39	42	34	
12972	12	4	26	23	28	4	19	27	29	25	17	1	22	3	0	24	2	21	18	16	33	12	6	10	15	11	31	38	36	13	37	30	42	34	5	14	39	40	8	
20926	12	4	29	4	25	28	23	1	19	2	27	3	0	26	22	17	24	18	16	31	12	10	33	11	38	36	5	6	37	15	30	8	21	42	40	14	34	13	39	
19000	12	23	25	2	29	0	3	23	28	4	1	26	22	27	19	17	24	18	38	10	12	16	31	21	33	11	6	15	30	40	13	39	5	37	36	14	42	8	34	
21294	12	27	28	27	23	25	29	4	1	19	3	2	0	26	22	24	17	18	21	16	12	36	33	10	31	6	11	15	13	38	30	8	42	5	37	34	39	40	32	
3261	12	35	33	31	12	18	6	26	17	27	16	10	11	36	30	29	22	39	15	34	13	28	0	19	21	25	1	2	8	23	5	42	38	37	7	4	32	3	14	
18457	12	18	28	27	25	19	4	29	1	3	22	26	18	17	2	0	23	21	36	24	33	31	11	12	16	10	6	38	30	39	15	5	32	13	14	37	42	8	40	
54557	12	27	27	23	25	19	29	28	4	1	17	3	26	0	2	22	18	24	21	33	12	16	11	36	10	31	38	30	13	6	15	5	32	14	40	34	42	37	39	
21104	12	4	4	27	28	25	29	26	23	19	1	24	3	0	2	22	17	18	16	10	12	38	33	21	36	6	11	31	39	15	37	14	8	40	13	30	42	32	5	
15124	12	4	4	27	28	25	29	23	26	22	19	1	3	0	2	17	24	18	21	16	12	38	15	10	6	36	31	11	33	30	5	42	37	40	8	34	39	32	13	
54606	12	40	40	39	38	42	17	26	12	27	37	22	16	19	41	23	0	29	6	25	1	21	28	2	4	15	3	18	10	33	31	8	11	5	13	14	30	7	36	
54631	12	8	12	42	39	13	18	10	16	8	31	33	15	14	6	41	17	38	11	26	37	7	30	5	22	0	40	21	36	19	27	9	29	2	23	34	28	25	4	
54647	12	19	19	27	23	28	25	29	4	26	1	17	3	18	2	22	0	21	36	24	16	12	33	10	6	15	31	11	42	38	5	37	13	30	39	40	34	14	8	
32858	12	16	33	31	17	16	32	30	10	36	15	12	13	6	26	18	22	27	11	0	19	29	39	21	37	2	25	28	1	42	3	8	38	23	5	34	4	7	14	
33012	12	12	21	17	18	12	26	19	27	22	28	10	0	25	13	30	16	33	31	15	29	6	23	3	38	8	11	1	39	34	42	36	2	32	4	5	37	7	14	
33771	12	6	6	16	12	10	33	31	13	15	11	18	36	30	8	14	17	7	26	42	32	5	37	27	0	39	22	41	2	34	9	38	28	19	21	29	25	23	3	
34217	12	13	13	12	33	31	16	15	10	18	6	17	11	36	30	26	7	32	22	27	5	9	29	42	8	0	19	28	25	39	14	21	1	37	2	38	23	4	3	
25443	12	29	29	25	23	28	4	27	1	19	3	26	22	2	24	0	18	17	16	21	11	36	31	12	38	33	30	6	10	15	39	8	37	13	5	42	34	40	32	
36704	12	29	29	25	27	26	19	28	23	22	4	1	3	17	0	18	2	21	12	33	24	16	31	11	15	10	6	30	38	13	36	37	34	8	39	42	40	32	5	
38905	12	12	12	13	33	16	10	18	31	6	11	15	17	9	21	5	30	19	26	36	0	22	32	27	8	7	42	29	23	28	4	1	25	14	39	2	38	34	37	
40651	12	6	6	12	13	16	14	10	11	33	31	15	18	17	36	5	26	30	27	8	29	7	34	35	0	2	25	28	39	22	37	38	1	21	19	4	9	23	32	
40273	12	16	16	6	11	33	13	12	14	26	31	17	22	10	15	36	27	18	2	0	30	5	28	32	29	1	23	37	3	4	25	42	19	7	8	38	34	39	21	
40520	12	12	12	7	31	16	13	10	18	8	17	33	11	6	26	38	15	21	39	5	22	19	30	0	29	9	25	41	42	37	14	40	27	4	36	2	28	32	23	
40071	12	12	19	28	27	23	38	29	4	25	17	18	1	2	3	26	0	39	22	21	36	37	16	12	11	42	31	40	10	6	14	33	15	8	13	41	5	30	34	
40135	12	39	31	39	18	6	11	12	16	10	33	17	26	15	28	1	22	23	38	19	30	2	27	5	29	0	42	21	25	13	14	4	3	37	8	36	7	40	32	
40811	12	31	31	33	12	16	6	18	30	10	17	11	15	36	13	26	5	23	32	8	28	22	21	7	42	37	19	27	14	2	29	39	34	25	38	1	0	3	4	
39720	12	13	13	33	12	18	31	17	16	11	26	15	6	21	36	10	19	30	22	0	5	8	27	29	9	32	25	23	35	7	28	2	38	14	42	1	41	39	37	
40406	12	38	38	40	39	42	37	41	31	12	10	18	15	6	26	16	17	14	33	27	19	36	28	8	11	23	13	4	21	22	29	25	0	1	2	5	30	3	32	
